98688961
98694082
98699203
98463350
98468471
98473592
98494117
98499238
98504359
98509480
98530005
98535126
98540247
98560772
98565893
98571014
98335161
98340282
98345403
98365928
98371049
98376170
98381291
98401816
98406937
98412058
98432583
98437704
98442825
98206972
98212093
98217214
98237739
98242860
98247981
98253102
98273627
98278748
98283869
98304394
98309515
98314636
98078783
98083904
98089025
98109550
98114671
98119792
98124913
98145438
98150559
98155680
98176205
98181326
98186447
97950594
97955715
97960836
97981361
97986482
97991603
97996724
98017249
98022370
98027491
98048016
98053137
98058258
97822405
97827526
97832647
97853172
97858293
97863414
97868535
97889060
97894181
97899302
97919827
97924948
97930069
97694216
97699337
97704458
97724983
97730104
97735225
97740346
97760871
97765992
97771113
97791638
97796759
97801880
97566027
97571148
97576269
97596794
97601915
97607036
97612157
97632682
97637803
97642924
97663449
97668570
97673691
97437838
97442959
97448080
97468605
97473726
97478847
97483968
97504493
97509614
97514735
97535260
97540381
97545502
97309649
97314770
97319891
97340416
97345537
97350658
97355779
97376304
97381425
97386546
97407071
97412192
97417313
97181460
97186581
97191702
97212227
97217348
97222469
97227590
97248115
97253236
97258357
97278882
97284003
97289124
97053271
97058392
97063513
97084038
97089159
97094280
97099401
97119926
97125047
97130168
97150693
97155814
97160935
96925082
96930203
96935324
96955849
96960970
96966091
96971212
96991737
96996858
97001979
97022504
97027625
97032746
96796893
96802014
96807135
96827660
96832781
96837902
96843023
96863548
96868669
96873790
96894315
96899436
96904557
96668704
96673825
96678946
96699471
96704592
96709713
96714834
96735359
96740480
96745601
96766126
96771247
96776368
96540515
96545636
96550757
96571282
96576403
96581524
96586645
96607170
96612291
96617412
96637937
96643058
96648179
96412326
96417447
96422568
96443093
96448214
96453335
96458456
96478981
96484102
96489223
96509748
96514869
96519990
96284137
96289258
96294379
96314904
96320025
96325146
96330267
96350792
96355913
96361034
96381559
96386680
96391801
96155948
96161069
96166190
96186715
96191836
96196957
96202078
96222603
96227724
96232845
96253370
96258491
96263612
96027759
96032880
96038001
96058526
96063647
96068768
96073889
96094414
96099535
96104656
96125181
96130302
96135423
95899570
95904691
95909812
95930337
95935458
95940579
95945700
95966225
95971346
95976467
95996992
96002113
96007234
95771381
95776502
95781623
95802148
95807269
95812390
95817511
95838036
95843157
95848278
95868803
95873924
95879045
95643192
95648313
95653434
95673959
95679080
95684201
95689322
95709847
95714968
95720089
95740614
95745735
95750856
95515003
95520124
95525245
95545770
95550891
95556012
95561133
95581658
95586779
95591900
95612425
95617546
95622667
95386814
95391935
95397056
95417581
95422702
95427823
95432944
95453469
95458590
95463711
95484236
95489357
95494478
95258625
95263746
95268867
95289392
95294513
95299634
95304755
95325280
95330401
95335522
95356047
95361168
95366289
95130436
95135557
95140678
95161203
95166324
95171445
95176566
95197091
95202212
95207333
95227858
95232979
95238100
95002247
95007368
95012489
95033014
95038135
95043256
95048377
95068902
95074023
95079144
95099669
95104790
95109911
94874058
94879179
94884300
94904825
94909946
94915067
94920188
94940713
94945834
94950955
94971480
94976601
94981722
94745869
94750990
94756111
94776636
94781757
94786878
94791999
94812524
94817645
94822766
94843291
94848412
94853533
94617680
94622801
94627922
94648447
94653568
94658689
94663810
94684335
94689456
94694577
94715102
94720223
94725344
94489491
94494612
94499733
94520258
94525379
94530500
94535621
94556146
94561267
94566388
94586913
94592034
94597155
94361302
94366423
94371544
94392069
94397190
94402311
94407432
94427957
94433078
94438199
94458724
94463845
94468966
94233113
94238234
94243355
94263880
94269001
94274122
94279243
94299768
94304889
94310010
94330535
94335656
94340777
94104924
94110045
94115166
94135691
94140812
94145933
94151054
94171579
94176700
94181821
94202346
94207467
94212588
93976735
93981856
93986977
94007502
94012623
94017744
94022865
94043390
94048511
94053632
94074157
94079278
94084399
93848546
93853667
93858788
93879313
93884434
93889555
93894676
93915201
93920322
93925443
93945968
93951089
93956210
93720357
93725478
93730599
93751124
93756245
93761366
93766487
93787012
93792133
93797254
93817779
93822900
93828021
93592168
93597289
93602410
93622935
93628056
93633177
93638298
93658823
93663944
93669065
93689590
93694711
93699832
93463979
93469100
93474221
93494746
93499867
93504988
93510109
93530634
93535755
93540876
93561401
93566522
93571643
93335790
93340911
93346032
93366557
93371678
93376799
93381920
93402445
93407566
93412687
93433212
93438333
93443454
93207601
93212722
93217843
93238368
93243489
93248610
93253731
93274256
93279377
93284498
93305023
93310144
93315265
93079412
93084533
93089654
93110179
93115300
93120421
93125542
93146067
93151188
93156309
93176834
93181955
93187076
92951223
92956344
92961465
92981990
92987111
92992232
92997353
93017878
93022999
93028120
93048645
93053766
93058887
92823034
92828155
92833276
92853801
92858922
92864043
92869164
92889689
92894810
92899931
92920456
92925577
92930698
92694845
92699966
92705087
92725612
92730733
92735854
92740975
92761500
92766621
92771742
92792267
92797388
92802509
92566656
92571777
92576898
92597423
92602544
92607665
92612786
92633311
92638432
92643553
92664078
92669199
92674320
92438467
92443588
92448709
92469234
92474355
92479476
92484597
92505122
92510243
92515364
92535889
92541010
92546131
92310278
92315399
92320520
92341045
92346166
92351287
92356408
92376933
92382054
92387175
92407700
92412821
92417942
92182089
92187210
92192331
92212856
92217977
92223098
92228219
92248744
92253865
92258986
92279511
92284632
92289753
92053900
92059021
92064142
92084667
92089788
92094909
92100030
92120555
92125676
92130797
92151322
92156443
92161564
91925711
91930832
91935953
91956478
91961599
91966720
91971841
91992366
91997487
92002608
92023133
92028254
92033375
91797522
91802643
91807764
91828289
91833410
91838531
91843652
91864177
91869298
91874419
91894944
91900065
91905186
91669333
91674454
91679575
91700100
91705221
91710342
91715463
91735988
91741109
91746230
91766755
91771876
91776997
91541144
91546265
91551386
91571911
91577032
91582153
91587274
91607799
91612920
91618041
91638566
91643687
91648808
91412955
91418076
91423197
91443722
91448843
91453964
91459085
91479610
91484731
91489852
91510377
91515498
91520619
91284766
91289887
91295008
91315533
91320654
91325775
91330896
91351421
91356542
91361663
91382188
91387309
91392430
91156577
91161698
91166819
91187344
91192465
91197586
91202707
91223232
91228353
91233474
91253999
91259120
91264241
91028388
91033509
91038630
91059155
91064276
91069397
91074518
91095043
91100164
91105285
91125810
91130931
91136052
90900199
90905320
90910441
90930966
90936087
90941208
90946329
90966854
90971975
90977096
90997621
91002742
91007863
90772010
90777131
90782252
90802777
90807898
90813019
90818140
90838665
90843786
90848907
90869432
90874553
90879674
90643821
90648942
90654063
90674588
90679709
90684830
90689951
90710476
90715597
90720718
90741243
90746364
90751485
90515632
90520753
90525874
90546399
90551520
90556641
90561762
90582287
90587408
90592529
90613054
90618175
90623296
90387443
90392564
90397685
90418210
90423331
90428452
90433573
90454098
90459219
90464340
90484865
90489986
90495107
90259254
90264375
90269496
90290021
90295142
90300263
90305384
90325909
90331030
90336151
90356676
90361797
90366918
90131065
90136186
90141307
90161832
90166953
90172074
90177195
90197720
90202841
90207962
90228487
90233608
90238729
90002876
90007997
90013118
90033643
90038764
90043885
90049006
90069531
90074652
90079773
90100298
90105419
90110540
89874687
89879808
89884929
89905454
89910575
89915696
89920817
89941342
89946463
89951584
89972109
89977230
89982351
89746498
89751619
89756740
89777265
89782386
89787507
89792628
89813153
89818274
89823395
89843920
89849041
89854162
89618309
89623430
89628551
89649076
89654197
89659318
89664439
89684964
89690085
89695206
89715731
89720852
89725973
89490120
89495241
89500362
89520887
89526008
89531129
89536250
89556775
89561896
89567017
89587542
89592663
89597784
89361931
89367052
89372173
89392698
89397819
89402940
89408061
89428586
89433707
89438828
89459353
89464474
89469595
89233742
89238863
89243984
89264509
89269630
89274751
89279872
89300397
89305518
89310639
89331164
89336285
89341406
89105553
89110674
89115795
89136320
89141441
89146562
89151683
89172208
89177329
89182450
89202975
89208096
89213217
88977364
88982485
88987606
89008131
89013252
89018373
89023494
89044019
89049140
89054261
89074786
89079907
89085028
88849175
88854296
88859417
88879942
88885063
88890184
88895305
88915830
88920951
88926072
88946597
88951718
88956839
88720986
88726107
88731228
88751753
88756874
88761995
88767116
88787641
88792762
88797883
88818408
88823529
88828650
88592797
88597918
88603039
88623564
88628685
88633806
88638927
88659452
88664573
88669694
88690219
88695340
88700461
88464608
88469729
88474850
88495375
88500496
88505617
88510738
88531263
88536384
88541505
88562030
88567151
88572272
88336419
88341540
88346661
88367186
88372307
88377428
88382549
88403074
88408195
88413316
88433841
88438962
88444083
88208230
88213351
88218472
88238997
88244118
88249239
88254360
88274885
88280006
88285127
88305652
88310773
88315894
88080041
88085162
88090283
88110808
88115929
88121050
88126171
88146696
88151817
88156938
88177463
88182584
88187705
87951852
87956973
87962094
87982619
87987740
87992861
87997982
88018507
88023628
88028749
88049274
88054395
88059516
87823663
87828784
87833905
87854430
87859551
87864672
87869793
87890318
87895439
87900560
87921085
87926206
87931327
87695474
87700595
87705716
87726241
87731362
87736483
87741604
87762129
87767250
87772371
87792896
87798017
87803138
87567285
87572406
87577527
87598052
87603173
87608294
87613415
87633940
87639061
87644182
87664707
87669828
87674949
87439096
87444217
87449338
87469863
87474984
87480105
87485226
87505751
87510872
87515993
87536518
87541639
87546760
87310907
87316028
87321149
87341674
87346795
87351916
87357037
87377562
87382683
87387804
87408329
87413450
87418571
87182718
87187839
87192960
87213485
87218606
87223727
87228848
87249373
87254494
87259615
87280140
87285261
87290382
87054529
87059650
87064771
87085296
87090417
87095538
87100659
87121184
87126305
87131426
87151951
87157072
87162193
86926340
86931461
86936582
86957107
86962228
86967349
86972470
86992995
86998116
87003237
87023762
87028883
87034004
86798151
86803272
86808393
86828918
86834039
86839160
86844281
86864806
86869927
86875048
86895573
86900694
86905815
86669962
86675083
86680204
86700729
86705850
86710971
86716092
86736617
86741738
86746859
86767384
86772505
86777626
86541773
86546894
86552015
86572540
86577661
86582782
86587903
86608428
86613549
86618670
86639195
86644316
86649437
86413584
86418705
86423826
86444351
86449472
86454593
86459714
86480239
86485360
86490481
86511006
86516127
86521248
86285395
86290516
86295637
86316162
86321283
86326404
86331525
86352050
86357171
86362292
86382817
86387938
86393059
86157206
86162327
86167448
86187973
86193094
86198215
86203336
86223861
86228982
86234103
86254628
86259749
86264870
86029017
86034138
86039259
86059784
86064905
86070026
86075147
86095672
86100793
86105914
86126439
86131560
86136681
85900828
85905949
85911070
85931595
85936716
85941837
85946958
85967483
85972604
85977725
85998250
86003371
86008492
85772639
85777760
85782881
85803406
85808527
85813648
85818769
85839294
85844415
85849536
85870061
85875182
85880303
85644450
85649571
85654692
85675217
85680338
85685459
85690580
85711105
85716226
85721347
85741872
85746993
85752114
85516261
85521382
85526503
85547028
85552149
85557270
85562391
85582916
85588037
85593158
85613683
85618804
85623925
85388072
85393193
85398314
85418839
85423960
85429081
85434202
85454727
85459848
85464969
85485494
85490615
85495736
85259883
85265004
85270125
85290650
85295771
85300892
85306013
85326538
85331659
85336780
85357305
85362426
85367547
85131694
85136815
85141936
85162461
85167582
85172703
85177824
85198349
85203470
85208591
85229116
85234237
85239358
85003505
85008626
85013747
85034272
85039393
85044514
85049635
85070160
85075281
85080402
85100927
85106048
85111169
84875316
84880437
84885558
84906083
84911204
84916325
84921446
84941971
84947092
84952213
84972738
84977859
84982980
84747127
84752248
84757369
84777894
84783015
84788136
84793257
84813782
84818903
84824024
84844549
84849670
84854791
84618938
84624059
84629180
84649705
84654826
84659947
84665068
84685593
84690714
84695835
84716360
84721481
84726602
84490749
84495870
84500991
84521516
84526637
84531758
84536879
84557404
84562525
84567646
84588171
84593292
84598413
84362560
84367681
84372802
84393327
84398448
84403569
84408690
84429215
84434336
84439457
84459982
84465103
84470224
84234371
84239492
84244613
84265138
84270259
84275380
84280501
84301026
84306147
84311268
84331793
84336914
84342035
84106182
84111303
84116424
84136949
84142070
84147191
84152312
84172837
84177958
84183079
84203604
84208725
84213846
83977993
83983114
83988235
84008760
84013881
84019002
84024123
84044648
84049769
84054890
84075415
84080536
84085657
83849804
83854925
83860046
83880571
83885692
83890813
83895934
83916459
83921580
83926701
83947226
83952347
83957468
83721615
83726736
83731857
83752382
83757503
83762624
83767745
83788270
83793391
83798512
83819037
83824158
83829279
83593426
83598547
83603668
83624193
83629314
83634435
83639556
83660081
83665202
83670323
83690848
83695969
83701090
83465237
83470358
83475479
83496004
83501125
83506246
83511367
83531892
83537013
83542134
83562659
83567780
83572901
83337048
83342169
83347290
83367815
83372936
83378057
83383178
83403703
83408824
83413945
83434470
83439591
83444712
83208859
83213980
83219101
83239626
83244747
83249868
83254989
83275514
83280635
83285756
83306281
83311402
83316523
83080670
83085791
83090912
83111437
83116558
83121679
83126800
83147325
83152446
83157567
83178092
83183213
83188334
82952481
82957602
82962723
82983248
82988369
82993490
82998611
83019136
83024257
83029378
83049903
83055024
83060145
82824292
82829413
82834534
82855059
82860180
82865301
82870422
82890947
82896068
82901189
82921714
82926835
82931956
82696103
82701224
82706345
82726870
82731991
82737112
82742233
82762758
82767879
82773000
82793525
82798646
82803767
82567914
82573035
82578156
82598681
82603802
82608923
82614044
82634569
82639690
82644811
82665336
82670457
82675578
82439725
82444846
82449967
82470492
82475613
82480734
82485855
82506380
82511501
82516622
82537147
82542268
82547389
82311536
82316657
82321778
82342303
82347424
82352545
82357666
82378191
82383312
82388433
82408958
82414079
82419200
82183347
82188468
82193589
82214114
82219235
82224356
82229477
82250002
82255123
82260244
82280769
82285890
82291011
82055158
82060279
82065400
82085925
82091046
82096167
82101288
82121813
82126934
82132055
82152580
82157701
82162822
81926969
81932090
81937211
81957736
81962857
81967978
81973099
81993624
81998745
82003866
82024391
82029512
82034633
81798780
81803901
81809022
81829547
81834668
81839789
81844910
81865435
81870556
81875677
81896202
81901323
81906444
81670591
81675712
81680833
81701358
81706479
81711600
81716721
81737246
81742367
81747488
81768013
81773134
81778255
81542402
81547523
81552644
81573169
81578290
81583411
81588532
81609057
81614178
81619299
81639824
81644945
81650066
81414213
81419334
81424455
81444980
81450101
81455222
81460343
81480868
81485989
81491110
81511635
81516756
81521877
81286024
81291145
81296266
81316791
81321912
81327033
81332154
81352679
81357800
81362921
81383446
81388567
81393688
81157835
81162956
81168077
81188602
81193723
81198844
81203965
81224490
81229611
81234732
81255257
81260378
81265499
81029646
81034767
81039888
81060413
81065534
81070655
81075776
81096301
81101422
81106543
81127068
81132189
81137310
80901457
80906578
80911699
80932224
80937345
80942466
80947587
80968112
80973233
80978354
80998879
81004000
81009121
80773268
80778389
80783510
80804035
80809156
80814277
80819398
80839923
80845044
80850165
80870690
80875811
80880932
80645079
80650200
80655321
80675846
80680967
80686088
80691209
80711734
80716855
80721976
80742501
80747622
80752743
80516890
80522011
80527132
80547657
80552778
80557899
80563020
80583545
80588666
80593787
80614312
80619433
80624554
80388701
80393822
80398943
80419468
80424589
80429710
80434831
80455356
80460477
80465598
80486123
80491244
80496365
80260512
80265633
80270754
80291279
80296400
80301521
80306642
80327167
80332288
80337409
80357934
80363055
80368176
80132323
80137444
80142565
80163090
80168211
80173332
80178453
80198978
80204099
80209220
80229745
80234866
80239987
80004134
80009255
80014376
80034901
80040022
80045143
80050264
80070789
80075910
80081031
80101556
80106677
80111798
79875945
79881066
79886187
79906712
79911833
79916954
79922075
79942600
79947721
79952842
79973367
79978488
79983609
79747756
79752877
79757998
79778523
79783644
79788765
79793886
79814411
79819532
79824653
79845178
79850299
79855420
79619567
79624688
79629809
79650334
79655455
79660576
79665697
79686222
79691343
79696464
79716989
79722110
79727231
79491378
79496499
79501620
79522145
79527266
79532387
79537508
79558033
79563154
79568275
79588800
79593921
79599042
79363189
79368310
79373431
79393956
79399077
79404198
79409319
79429844
79434965
79440086
79460611
79465732
79470853
79235000
79240121
79245242
79265767
79270888
79276009
79281130
79301655
79306776
79311897
79332422
79337543
79342664
79106811
79111932
79117053
79137578
79142699
79147820
79152941
79173466
79178587
79183708
79204233
79209354
79214475
78978622
78983743
78988864
79009389
79014510
79019631
79024752
79045277
79050398
79055519
79076044
79081165
79086286
78850433
78855554
78860675
78881200
78886321
78891442
78896563
78917088
78922209
78927330
78947855
78952976
78958097
78722244
78727365
78732486
78753011
78758132
78763253
78768374
78788899
78794020
78799141
78819666
78824787
78829908
78594055
78599176
78604297
78624822
78629943
78635064
78640185
78660710
78665831
78670952
78691477
78696598
78701719
78465866
78470987
78476108
78496633
78501754
78506875
78511996
78532521
78537642
78542763
78563288
78568409
78573530
78337677
78342798
78347919
78368444
78373565
78378686
78383807
78404332
78409453
78414574
78435099
78440220
78445341
78209488
78214609
78219730
78240255
78245376
78250497
78255618
78276143
78281264
78286385
78306910
78312031
78317152
78081299
78086420
78091541
78112066
78117187
78122308
78127429
78147954
78153075
78158196
78178721
78183842
78188963
77953110
77958231
77963352
77983877
77988998
77994119
77999240
78019765
78024886
78030007
78050532
78055653
78060774
77824921
77830042
77835163
77855688
77860809
77865930
77871051
77891576
77896697
77901818
77922343
77927464
77932585
77696732
77701853
77706974
77727499
77732620
77737741
77742862
77763387
77768508
77773629
77794154
77799275
77804396
77568543
77573664
77578785
77599310
77604431
77609552
77614673
77635198
77640319
77645440
77665965
77671086
77676207
77440354
77445475
77450596
77471121
77476242
77481363
77486484
77507009
77512130
77517251
77537776
77542897
77548018
77312165
77317286
77322407
77342932
77348053
77353174
77358295
77378820
77383941
77389062
77409587
77414708
77419829
77183976
77189097
77194218
77214743
77219864
77224985
77230106
77250631
77255752
77260873
77281398
77286519
77291640
77055787
77060908
77066029
77086554
77091675
77096796
77101917
77122442
77127563
77132684
77153209
77158330
77163451
76927598
76932719
76937840
76958365
76963486
76968607
76973728
76994253
76999374
77004495
77025020
77030141
77035262
76799409
76804530
76809651
76830176
76835297
76840418
76845539
76866064
76871185
76876306
76896831
76901952
76907073
76671220
76676341
76681462
76701987
76707108
76712229
76717350
76737875
76742996
76748117
76768642
76773763
76778884
76543031
76548152
76553273
76573798
76578919
76584040
76589161
76609686
76614807
76619928
76640453
76645574
76650695
76414842
76419963
76425084
76445609
76450730
76455851
76460972
76481497
76486618
76491739
76512264
76517385
76522506
76286653
76291774
76296895
76317420
76322541
76327662
76332783
76353308
76358429
76363550
76384075
76389196
76394317
76158464
76163585
76168706
76189231
76194352
76199473
76204594
76225119
76230240
76235361
76255886
76261007
76266128
76030275
76035396
76040517
76061042
76066163
76071284
76076405
76096930
76102051
76107172
76127697
76132818
76137939
75902086
75907207
75912328
75932853
75937974
75943095
75948216
75968741
75973862
75978983
75999508
76004629
76009750
75773897
75779018
75784139
75804664
75809785
75814906
75820027
75840552
75845673
75850794
75871319
75876440
75881561
75645708
75650829
75655950
75676475
75681596
75686717
75691838
75712363
75717484
75722605
75743130
75748251
75753372
75517519
75522640
75527761
75548286
75553407
75558528
75563649
75584174
75589295
75594416
75614941
75620062
75625183
75389330
75394451
75399572
75420097
75425218
75430339
75435460
75455985
75461106
75466227
75486752
75491873
75496994
75261141
75266262
75271383
75291908
75297029
75302150
75307271
75327796
75332917
75338038
75358563
75363684
75368805
75132952
75138073
75143194
75163719
75168840
75173961
75179082
75199607
75204728
75209849
75230374
75235495
75240616
75004763
75009884
75015005
75035530
75040651
75045772
75050893
75071418
75076539
75081660
75102185
75107306
75112427
74876574
74881695
74886816
74907341
74912462
74917583
74922704
74943229
74948350
74953471
74973996
74979117
74984238
74748385
74753506
74758627
74779152
74784273
74789394
74794515
74815040
74820161
74825282
74845807
74850928
74856049
74620196
74625317
74630438
74650963
74656084
74661205
74666326
74686851
74691972
74697093
74717618
74722739
74727860
74492007
74497128
74502249
74522774
74527895
74533016
74538137
74558662
74563783
74568904
74589429
74594550
74599671
74363818
74368939
74374060
74394585
74399706
74404827
74409948
74430473
74435594
74440715
74461240
74466361
74471482
74235629
74240750
74245871
74266396
74271517
74276638
74281759
74302284
74307405
74312526
74333051
74338172
74343293
74107440
74112561
74117682
74138207
74143328
74148449
74153570
74174095
74179216
74184337
74204862
74209983
74215104
73979251
73984372
73989493
74010018
74015139
74020260
74025381
74045906
74051027
74056148
74076673
74081794
74086915
73851062
73856183
73861304
73881829
73886950
73892071
73897192
73917717
73922838
73927959
73948484
73953605
73958726
73722873
73727994
73733115
73753640
73758761
73763882
73769003
73789528
73794649
73799770
73820295
73825416
73830537
73594684
73599805
73604926
73625451
73630572
73635693
73640814
73661339
73666460
73671581
73692106
73697227
73702348
73466495
73471616
73476737
73497262
73502383
73507504
73512625
73533150
73538271
73543392
73563917
73569038
73574159
73338306
73343427
73348548
73369073
73374194
73379315
73384436
73404961
73410082
73415203
73435728
73440849
73445970
73210117
73215238
73220359
73240884
73246005
73251126
73256247
73276772
73281893
73287014
73307539
73312660
73317781
73081928
73087049
73092170
73112695
73117816
73122937
73128058
73148583
73153704
73158825
73179350
73184471
73189592
72953739
72958860
72963981
72984506
72989627
72994748
72999869
73020394
73025515
73030636
73051161
73056282
73061403
72825550
72830671
72835792
72856317
72861438
72866559
72871680
72892205
72897326
72902447
72922972
72928093
72933214
72697361
72702482
72707603
72728128
72733249
72738370
72743491
72764016
72769137
72774258
72794783
72799904
72805025
72569172
72574293
72579414
72599939
72605060
72610181
72615302
72635827
72640948
72646069
72666594
72671715
72676836
72440983
72446104
72451225
72471750
72476871
72481992
72487113
72507638
72512759
72517880
72538405
72543526
72548647
72312794
72317915
72323036
72343561
72348682
72353803
72358924
72379449
72384570
72389691
72410216
72415337
72420458
72184605
72189726
72194847
72215372
72220493
72225614
72230735
72251260
72256381
72261502
72282027
72287148
72292269
72056416
72061537
72066658
72087183
72092304
72097425
72102546
72123071
72128192
72133313
72153838
72158959
72164080
71928227
71933348
71938469
71958994
71964115
71969236
71974357
71994882
72000003
72005124
72025649
72030770
72035891
71800038
71805159
71810280
71830805
71835926
71841047
71846168
71866693
71871814
71876935
71897460
71902581
71907702
71671849
71676970
71682091
71702616
71707737
71712858
71717979
71738504
71743625
71748746
71769271
71774392
71779513
71543660
71548781
71553902
71574427
71579548
71584669
71589790
71610315
71615436
71620557
71641082
71646203
71651324
71415471
71420592
71425713
71446238
71451359
71456480
71461601
71482126
71487247
71492368
71512893
71518014
71523135
71287282
71292403
71297524
71318049
71323170
71328291
71333412
71353937
71359058
71364179
71384704
71389825
71394946
71159093
71164214
71169335
71189860
71194981
71200102
71205223
71225748
71230869
71235990
71256515
71261636
71266757
71030904
71036025
71041146
71061671
71066792
71071913
71077034
71097559
71102680
71107801
71128326
71133447
71138568
70902715
70907836
70912957
70933482
70938603
70943724
70948845
70969370
70974491
70979612
71000137
71005258
71010379
70774526
70779647
70784768
70805293
70810414
70815535
70820656
70841181
70846302
70851423
70871948
70877069
70882190
70646337
70651458
70656579
70677104
70682225
70687346
70692467
70712992
70718113
70723234
70743759
70748880
70754001
70518148
70523269
70528390
70548915
70554036
70559157
70564278
70584803
70589924
70595045
70615570
70620691
70625812
70389959
70395080
70400201
70420726
70425847
70430968
70436089
70456614
70461735
70466856
70487381
70492502
70497623
70261770
70266891
70272012
70292537
70297658
70302779
70307900
70328425
70333546
70338667
70359192
70364313
70369434
70133581
70138702
70143823
70164348
70169469
70174590
70179711
70200236
70205357
70210478
70231003
70236124
70241245
70005392
70010513
70015634
70036159
70041280
70046401
70051522
70072047
70077168
70082289
70102814
70107935
70113056
69877203
69882324
69887445
69907970
69913091
69918212
69923333
69943858
69948979
69954100
69974625
69979746
69984867
69749014
69754135
69759256
69779781
69784902
69790023
69795144
69815669
69820790
69825911
69846436
69851557
69856678
69620825
69625946
69631067
69651592
69656713
69661834
69666955
69687480
69692601
69697722
69718247
69723368
69728489
69492636
69497757
69502878
69523403
69528524
69533645
69538766
69559291
69564412
69569533
69590058
69595179
69600300
69364447
69369568
69374689
69395214
69400335
69405456
69410577
69431102
69436223
69441344
69461869
69466990
69472111
69236258
69241379
69246500
69267025
69272146
69277267
69282388
69302913
69308034
69313155
69333680
69338801
69343922
69108069
69113190
69118311
69138836
69143957
69149078
69154199
69174724
69179845
69184966
69205491
69210612
69215733
68979880
68985001
68990122
69010647
69015768
69020889
69026010
69046535
69051656
69056777
69077302
69082423
69087544
68851691
68856812
68861933
68882458
68887579
68892700
68897821
68918346
68923467
68928588
68949113
68954234
68959355
68723502
68728623
68733744
68754269
68759390
68764511
68769632
68790157
68795278
68800399
68820924
68826045
68831166
68595313
68600434
68605555
68626080
68631201
68636322
68641443
68661968
68667089
68672210
68692735
68697856
68702977
68467124
68472245
68477366
68497891
68503012
68508133
68513254
68533779
68538900
68544021
68564546
68569667
68574788
68338935
68344056
68349177
68369702
68374823
68379944
68385065
68405590
68410711
68415832
68436357
68441478
68446599
68210746
68215867
68220988
68241513
68246634
68251755
68256876
68277401
68282522
68287643
68308168
68313289
68318410
68082557
68087678
68092799
68113324
68118445
68123566
68128687
68149212
68154333
68159454
68179979
68185100
68190221
67954368
67959489
67964610
67985135
67990256
67995377
68000498
68021023
68026144
68031265
68051790
68056911
68062032
67826179
67831300
67836421
67856946
67862067
67867188
67872309
67892834
67897955
67903076
67923601
67928722
67933843
67697990
67703111
67708232
67728757
67733878
67738999
67744120
67764645
67769766
67774887
67795412
67800533
67805654
67569801
67574922
67580043
67600568
67605689
67610810
67615931
67636456
67641577
67646698
67667223
67672344
67677465
67441612
67446733
67451854
67472379
67477500
67482621
67487742
67508267
67513388
67518509
67539034
67544155
67549276
67313423
67318544
67323665
67344190
67349311
67354432
67359553
67380078
67385199
67390320
67410845
67415966
67421087
67185234
67190355
67195476
67216001
67221122
67226243
67231364
67251889
67257010
67262131
67282656
67287777
67292898
67057045
67062166
67067287
67087812
67092933
67098054
67103175
67123700
67128821
67133942
67154467
67159588
67164709
66928856
66933977
66939098
66959623
66964744
66969865
66974986
66995511
67000632
67005753
67026278
67031399
67036520
66800667
66805788
66810909
66831434
66836555
66841676
66846797
66867322
66872443
66877564
66898089
66903210
66908331
66672478
66677599
66682720
66703245
66708366
66713487
66718608
66739133
66744254
66749375
66769900
66775021
66780142
66544289
66549410
66554531
66575056
66580177
66585298
66590419
66610944
66616065
66621186
66641711
66646832
66651953
66416100
66421221
66426342
66446867
66451988
66457109
66462230
66482755
66487876
66492997
66513522
66518643
66523764
66287911
66293032
66298153
66318678
66323799
66328920
66334041
66354566
66359687
66364808
66385333
66390454
66395575
66159722
66164843
66169964
66190489
66195610
66200731
66205852
66226377
66231498
66236619
66257144
66262265
66267386
66031533
66036654
66041775
66062300
66067421
66072542
66077663
66098188
66103309
66108430
66128955
66134076
66139197
65903344
65908465
65913586
65934111
65939232
65944353
65949474
65969999
65975120
65980241
66000766
66005887
66011008
65775155
65780276
65785397
65805922
65811043
65816164
65821285
65841810
65846931
65852052
65872577
65877698
65882819
65646966
65652087
65657208
65677733
65682854
65687975
65693096
65713621
65718742
65723863
65744388
65749509
65754630
65518777
65523898
65529019
65549544
65554665
65559786
65564907
65585432
65590553
65595674
65616199
65621320
65626441
65390588
65395709
65400830
65421355
65426476
65431597
65436718
65457243
65462364
65467485
65488010
65493131
65498252
65262399
65267520
65272641
65293166
65298287
65303408
65308529
65329054
65334175
65339296
65359821
65364942
65370063
65134210
65139331
65144452
65164977
65170098
65175219
65180340
65200865
65205986
65211107
65231632
65236753
65241874
65006021
65011142
65016263
65036788
65041909
65047030
65052151
65072676
65077797
65082918
65103443
65108564
65113685
64877832
64882953
64888074
64908599
64913720
64918841
64923962
64944487
64949608
64954729
64975254
64980375
64985496
64749643
64754764
64759885
64780410
64785531
64790652
64795773
64816298
64821419
64826540
64847065
64852186
64857307
64621454
64626575
64631696
64652221
64657342
64662463
64667584
64688109
64693230
64698351
64718876
64723997
64729118
64493265
64498386
64503507
64524032
64529153
64534274
64539395
64559920
64565041
64570162
64590687
64595808
64600929
64365076
64370197
64375318
64395843
64400964
64406085
64411206
64431731
64436852
64441973
64462498
64467619
64472740
64236887
64242008
64247129
64267654
64272775
64277896
64283017
64303542
64308663
64313784
64334309
64339430
64344551
64108698
64113819
64118940
64139465
64144586
64149707
64154828
64175353
64180474
64185595
64206120
64211241
64216362
63980509
63985630
63990751
64011276
64016397
64021518
64026639
64047164
64052285
64057406
64077931
64083052
64088173
63852320
63857441
63862562
63883087
63888208
63893329
63898450
63918975
63924096
63929217
63949742
63954863
63959984
63724131
63729252
63734373
63754898
63760019
63765140
63770261
63790786
63795907
63801028
63821553
63826674
63831795
63595942
63601063
63606184
63626709
63631830
63636951
63642072
63662597
63667718
63672839
63693364
63698485
63703606
63467753
63472874
63477995
63498520
63503641
63508762
63513883
63534408
63539529
63544650
63565175
63570296
63575417
63339564
63344685
63349806
63370331
63375452
63380573
63385694
63406219
63411340
63416461
63436986
63442107
63447228
63211375
63216496
63221617
63242142
63247263
63252384
63257505
63278030
63283151
63288272
63308797
63313918
63319039
63083186
63088307
63093428
63113953
63119074
63124195
63129316
63149841
63154962
63160083
63180608
63185729
63190850
62954997
62960118
62965239
62985764
62990885
62996006
63001127
63021652
63026773
63031894
63052419
63057540
63062661
62826808
62831929
62837050
62857575
62862696
62867817
62872938
62893463
62898584
62903705
62924230
62929351
62934472
62698619
62703740
62708861
62729386
62734507
62739628
62744749
62765274
62770395
62775516
62796041
62801162
62806283
62570430
62575551
62580672
62601197
62606318
62611439
62616560
62637085
62642206
62647327
62667852
62672973
62678094
62442241
62447362
62452483
62473008
62478129
62483250
62488371
62508896
62514017
62519138
62539663
62544784
62549905
62314052
62319173
62324294
62344819
62349940
62355061
62360182
62380707
62385828
62390949
62411474
62416595
62421716
62185863
62190984
62196105
62216630
62221751
62226872
62231993
62252518
62257639
62262760
62283285
62288406
62293527
62057674
62062795
62067916
62088441
62093562
62098683
62103804
62124329
62129450
62134571
62155096
62160217
62165338
61929485
61934606
61939727
61960252
61965373
61970494
61975615
61996140
62001261
62006382
62026907
62032028
62037149
61801296
61806417
61811538
61832063
61837184
61842305
61847426
61867951
61873072
61878193
61898718
61903839
61908960
61673107
61678228
61683349
61703874
61708995
61714116
61719237
61739762
61744883
61750004
61770529
61775650
61780771
61544918
61550039
61555160
61575685
61580806
61585927
61591048
61611573
61616694
61621815
61642340
61647461
61652582
61416729
61421850
61426971
61447496
61452617
61457738
61462859
61483384
61488505
61493626
61514151
61519272
61524393
61288540
61293661
61298782
61319307
61324428
61329549
61334670
61355195
61360316
61365437
61385962
61391083
61396204
61160351
61165472
61170593
61191118
61196239
61201360
61206481
61227006
61232127
61237248
61257773
61262894
61268015
61032162
61037283
61042404
61062929
61068050
61073171
61078292
61098817
61103938
61109059
61129584
61134705
61139826
60903973
60909094
60914215
60934740
60939861
60944982
60950103
60970628
60975749
60980870
61001395
61006516
61011637
60775784
60780905
60786026
60806551
60811672
60816793
60821914
60842439
60847560
60852681
60873206
60878327
60883448
60647595
60652716
60657837
60678362
60683483
60688604
60693725
60714250
60719371
60724492
60745017
60750138
60755259
60519406
60524527
60529648
60550173
60555294
60560415
60565536
60586061
60591182
60596303
60616828
60621949
60627070
60391217
60396338
60401459
60421984
60427105
60432226
60437347
60457872
60462993
60468114
60488639
60493760
60498881
60263028
60268149
60273270
60293795
60298916
60304037
60309158
60329683
60334804
60339925
60360450
60365571
60370692
60134839
60139960
60145081
60165606
60170727
60175848
60180969
60201494
60206615
60211736
60232261
60237382
60242503
60006650
60011771
60016892
60037417
60042538
60047659
60052780
60073305
60078426
60083547
60104072
60109193
60114314
59878461
59883582
59888703
59909228
59914349
59919470
59924591
59945116
59950237
59955358
59975883
59981004
59986125
59750272
59755393
59760514
59781039
59786160
59791281
59796402
59816927
59822048
59827169
59847694
59852815
59857936
59622083
59627204
59632325
59652850
59657971
59663092
59668213
59688738
59693859
59698980
59719505
59724626
59729747
59493894
59499015
59504136
59524661
59529782
59534903
59540024
59560549
59565670
59570791
59591316
59596437
59601558
59365705
59370826
59375947
59396472
59401593
59406714
59411835
59432360
59437481
59442602
59463127
59468248
59473369
59237516
59242637
59247758
59268283
59273404
59278525
59283646
59304171
59309292
59314413
59334938
59340059
59345180
59109327
59114448
59119569
59140094
59145215
59150336
59155457
59175982
59181103
59186224
59206749
59211870
59216991
58981138
58986259
58991380
59011905
59017026
59022147
59027268
59047793
59052914
59058035
59078560
59083681
59088802
58852949
58858070
58863191
58883716
58888837
58893958
58899079
58919604
58924725
58929846
58950371
58955492
58960613
58724760
58729881
58735002
58755527
58760648
58765769
58770890
58791415
58796536
58801657
58822182
58827303
58832424
58596571
58601692
58606813
58627338
58632459
58637580
58642701
58663226
58668347
58673468
58693993
58699114
58704235
58468382
58473503
58478624
58499149
58504270
58509391
58514512
58535037
58540158
58545279
58565804
58570925
58576046
58340193
58345314
58350435
58370960
58376081
58381202
58386323
58406848
58411969
58417090
58437615
58442736
58447857
58212004
58217125
58222246
58242771
58247892
58253013
58258134
58278659
58283780
58288901
58309426
58314547
58319668
58083815
58088936
58094057
58114582
58119703
58124824
58129945
58150470
58155591
58160712
58181237
58186358
58191479
57955626
57960747
57965868
57986393
57991514
57996635
58001756
58022281
58027402
58032523
58053048
58058169
58063290
57827437
57832558
57837679
57858204
57863325
57868446
57873567
57894092
57899213
57904334
57924859
57929980
57935101
57699248
57704369
57709490
57730015
57735136
57740257
57745378
57765903
57771024
57776145
57796670
57801791
57806912
57571059
57576180
57581301
57601826
57606947
57612068
57617189
57637714
57642835
57647956
57668481
57673602
57678723
57442870
57447991
57453112
57473637
57478758
57483879
57489000
57509525
57514646
57519767
57540292
57545413
57550534
57314681
57319802
57324923
57345448
57350569
57355690
57360811
57381336
57386457
57391578
57412103
57417224
57422345
57186492
57191613
57196734
57217259
57222380
57227501
57232622
57253147
57258268
57263389
57283914
57289035
57294156
57058303
57063424
57068545
57089070
57094191
57099312
57104433
57124958
57130079
57135200
57155725
57160846
57165967
56930114
56935235
56940356
56960881
56966002
56971123
56976244
56996769
57001890
57007011
57027536
57032657
57037778
56801925
56807046
56812167
56832692
56837813
56842934
56848055
56868580
56873701
56878822
56899347
56904468
56909589
56673736
56678857
56683978
56704503
56709624
56714745
56719866
56740391
56745512
56750633
56771158
56776279
56781400
56545547
56550668
56555789
56576314
56581435
56586556
56591677
56612202
56617323
56622444
56642969
56648090
56653211
56417358
56422479
56427600
56448125
56453246
56458367
56463488
56484013
56489134
56494255
56514780
56519901
56525022
56289169
56294290
56299411
56319936
56325057
56330178
56335299
56355824
56360945
56366066
56386591
56391712
56396833
56160980
56166101
56171222
56191747
56196868
56201989
56207110
56227635
56232756
56237877
56258402
56263523
56268644
56032791
56037912
56043033
56063558
56068679
56073800
56078921
56099446
56104567
56109688
56130213
56135334
56140455
55904602
55909723
55914844
55935369
55940490
55945611
55950732
55971257
55976378
55981499
56002024
56007145
56012266
55776413
55781534
55786655
55807180
55812301
55817422
55822543
55843068
55848189
55853310
55873835
55878956
55884077
55648224
55653345
55658466
55678991
55684112
55689233
55694354
55714879
55720000
55725121
55745646
55750767
55755888
55520035
55525156
55530277
55550802
55555923
55561044
55566165
55586690
55591811
55596932
55617457
55622578
55627699
55391846
55396967
55402088
55422613
55427734
55432855
55437976
55458501
55463622
55468743
55489268
55494389
55499510
55263657
55268778
55273899
55294424
55299545
55304666
55309787
55330312
55335433
55340554
55361079
55366200
55371321
55135468
55140589
55145710
55166235
55171356
55176477
55181598
55202123
55207244
55212365
55232890
55238011
55243132
55007279
55012400
55017521
55038046
55043167
55048288
55053409
55073934
55079055
55084176
55104701
55109822
55114943
54879090
54884211
54889332
54909857
54914978
54920099
54925220
54945745
54950866
54955987
54976512
54981633
54986754
54750901
54756022
54761143
54781668
54786789
54791910
54797031
54817556
54822677
54827798
54848323
54853444
54858565
54622712
54627833
54632954
54653479
54658600
54663721
54668842
54689367
54694488
54699609
54720134
54725255
54730376
54494523
54499644
54504765
54525290
54530411
54535532
54540653
54561178
54566299
54571420
54591945
54597066
54602187
54366334
54371455
54376576
54397101
54402222
54407343
54412464
54432989
54438110
54443231
54463756
54468877
54473998
54238145
54243266
54248387
54268912
54274033
54279154
54284275
54304800
54309921
54315042
54335567
54340688
54345809
54109956
54115077
54120198
54140723
54145844
54150965
54156086
54176611
54181732
54186853
54207378
54212499
54217620
53981767
53986888
53992009
54012534
54017655
54022776
54027897
54048422
54053543
54058664
54079189
54084310
54089431
53853578
53858699
53863820
53884345
53889466
53894587
53899708
53920233
53925354
53930475
53951000
53956121
53961242
53725389
53730510
53735631
53756156
53761277
53766398
53771519
53792044
53797165
53802286
53822811
53827932
53833053
53597200
53602321
53607442
53627967
53633088
53638209
53643330
53663855
53668976
53674097
53694622
53699743
53704864
53469011
53474132
53479253
53499778
53504899
53510020
53515141
53535666
53540787
53545908
53566433
53571554
53576675
53340822
53345943
53351064
53371589
53376710
53381831
53386952
53407477
53412598
53417719
53438244
53443365
53448486
53212633
53217754
53222875
53243400
53248521
53253642
53258763
53279288
53284409
53289530
53310055
53315176
53320297
53084444
53089565
53094686
53115211
53120332
53125453
53130574
53151099
53156220
53161341
53181866
53186987
53192108
52956255
52961376
52966497
52987022
52992143
52997264
53002385
53022910
53028031
53033152
53053677
53058798
53063919
52828066
52833187
52838308
52858833
52863954
52869075
52874196
52894721
52899842
52904963
52925488
52930609
52935730
52699877
52704998
52710119
52730644
52735765
52740886
52746007
52766532
52771653
52776774
52797299
52802420
52807541
52571688
52576809
52581930
52602455
52607576
52612697
52617818
52638343
52643464
52648585
52669110
52674231
52679352
52443499
52448620
52453741
52474266
52479387
52484508
52489629
52510154
52515275
52520396
52540921
52546042
52551163
52315310
52320431
52325552
52346077
52351198
52356319
52361440
52381965
52387086
52392207
52412732
52417853
52422974
52187121
52192242
52197363
52217888
52223009
52228130
52233251
52253776
52258897
52264018
52284543
52289664
52294785
52058932
52064053
52069174
52089699
52094820
52099941
52105062
52125587
52130708
52135829
52156354
52161475
52166596
51930743
51935864
51940985
51961510
51966631
51971752
51976873
51997398
52002519
52007640
52028165
52033286
52038407
51802554
51807675
51812796
51833321
51838442
51843563
51848684
51869209
51874330
51879451
51899976
51905097
51910218
51674365
51679486
51684607
51705132
51710253
51715374
51720495
51741020
51746141
51751262
51771787
51776908
51782029
51546176
51551297
51556418
51576943
51582064
51587185
51592306
51612831
51617952
51623073
51643598
51648719
51653840
51417987
51423108
51428229
51448754
51453875
51458996
51464117
51484642
51489763
51494884
51515409
51520530
51525651
51289798
51294919
51300040
51320565
51325686
51330807
51335928
51356453
51361574
51366695
51387220
51392341
51397462
51161609
51166730
51171851
51192376
51197497
51202618
51207739
51228264
51233385
51238506
51259031
51264152
51269273
51033420
51038541
51043662
51064187
51069308
51074429
51079550
51100075
51105196
51110317
51130842
51135963
51141084
50905231
50910352
50915473
50935998
50941119
50946240
50951361
50971886
50977007
50982128
51002653
51007774
51012895
50777042
50782163
50787284
50807809
50812930
50818051
50823172
50843697
50848818
50853939
50874464
50879585
50884706
50648853
50653974
50659095
50679620
50684741
50689862
50694983
50715508
50720629
50725750
50746275
50751396
50756517
50520664
50525785
50530906
50551431
50556552
50561673
50566794
50587319
50592440
50597561
50618086
50623207
50628328
50392475
50397596
50402717
50423242
50428363
50433484
50438605
50459130
50464251
50469372
50489897
50495018
50500139
50264286
50269407
50274528
50295053
50300174
50305295
50310416
50330941
50336062
50341183
50361708
50366829
50371950
50136097
50141218
50146339
50166864
50171985
50177106
50182227
50202752
50207873
50212994
50233519
50238640
50243761
50007908
50013029
50018150
50038675
50043796
50048917
50054038
50074563
50079684
50084805
50105330
50110451
50115572
49879719
49884840
49889961
49910486
49915607
49920728
49925849
49946374
49951495
49956616
49977141
49982262
49987383
49751530
49756651
49761772
49782297
49787418
49792539
49797660
49818185
49823306
49828427
49848952
49854073
49859194
49623341
49628462
49633583
49654108
49659229
49664350
49669471
49689996
49695117
49700238
49720763
49725884
49731005
49495152
49500273
49505394
49525919
49531040
49536161
49541282
49561807
49566928
49572049
49592574
49597695
49602816
49366963
49372084
49377205
49397730
49402851
49407972
49413093
49433618
49438739
49443860
49464385
49469506
49474627
49238774
49243895
49249016
49269541
49274662
49279783
49284904
49305429
49310550
49315671
49336196
49341317
49346438
49110585
49115706
49120827
49141352
49146473
49151594
49156715
49177240
49182361
49187482
49208007
49213128
49218249
48982396
48987517
48992638
49013163
49018284
49023405
49028526
49049051
49054172
49059293
49079818
49084939
49090060
48854207
48859328
48864449
48884974
48890095
48895216
48900337
48920862
48925983
48931104
48951629
48956750
48961871
48726018
48731139
48736260
48756785
48761906
48767027
48772148
48792673
48797794
48802915
48823440
48828561
48833682
48597829
48602950
48608071
48628596
48633717
48638838
48643959
48664484
48669605
48674726
48695251
48700372
48705493
48469640
48474761
48479882
48500407
48505528
48510649
48515770
48536295
48541416
48546537
48567062
48572183
48577304
48341451
48346572
48351693
48372218
48377339
48382460
48387581
48408106
48413227
48418348
48438873
48443994
48449115
48213262
48218383
48223504
48244029
48249150
48254271
48259392
48279917
48285038
48290159
48310684
48315805
48320926
48085073
48090194
48095315
48115840
48120961
48126082
48131203
48151728
48156849
48161970
48182495
48187616
48192737
47956884
47962005
47967126
47987651
47992772
47997893
48003014
48023539
48028660
48033781
48054306
48059427
48064548
47828695
47833816
47838937
47859462
47864583
47869704
47874825
47895350
47900471
47905592
47926117
47931238
47936359
47700506
47705627
47710748
47731273
47736394
47741515
47746636
47767161
47772282
47777403
47797928
47803049
47808170
47572317
47577438
47582559
47603084
47608205
47613326
47618447
47638972
47644093
47649214
47669739
47674860
47679981
47444128
47449249
47454370
47474895
47480016
47485137
47490258
47510783
47515904
47521025
47541550
47546671
47551792
47315939
47321060
47326181
47346706
47351827
47356948
47362069
47382594
47387715
47392836
47413361
47418482
47423603
47187750
47192871
47197992
47218517
47223638
47228759
47233880
47254405
47259526
47264647
47285172
47290293
47295414
47059561
47064682
47069803
47090328
47095449
47100570
47105691
47126216
47131337
47136458
47156983
47162104
47167225
46931372
46936493
46941614
46962139
46967260
46972381
46977502
46998027
47003148
47008269
47028794
47033915
47039036
46803183
46808304
46813425
46833950
46839071
46844192
46849313
46869838
46874959
46880080
46900605
46905726
46910847
46674994
46680115
46685236
46705761
46710882
46716003
46721124
46741649
46746770
46751891
46772416
46777537
46782658
46546805
46551926
46557047
46577572
46582693
46587814
46592935
46613460
46618581
46623702
46644227
46649348
46654469
46418616
46423737
46428858
46449383
46454504
46459625
46464746
46485271
46490392
46495513
46516038
46521159
46526280
46290427
46295548
46300669
46321194
46326315
46331436
46336557
46357082
46362203
46367324
46387849
46392970
46398091
46162238
46167359
46172480
46193005
46198126
46203247
46208368
46228893
46234014
46239135
46259660
46264781
46269902
46034049
46039170
46044291
46064816
46069937
46075058
46080179
46100704
46105825
46110946
46131471
46136592
46141713
45905860
45910981
45916102
45936627
45941748
45946869
45951990
45972515
45977636
45982757
46003282
46008403
46013524
45777671
45782792
45787913
45808438
45813559
45818680
45823801
45844326
45849447
45854568
45875093
45880214
45885335
45649482
45654603
45659724
45680249
45685370
45690491
45695612
45716137
45721258
45726379
45746904
45752025
45757146
45521293
45526414
45531535
45552060
45557181
45562302
45567423
45587948
45593069
45598190
45618715
45623836
45628957
45393104
45398225
45403346
45423871
45428992
45434113
45439234
45459759
45464880
45470001
45490526
45495647
45500768
45264915
45270036
45275157
45295682
45300803
45305924
45311045
45331570
45336691
45341812
45362337
45367458
45372579
45136726
45141847
45146968
45167493
45172614
45177735
45182856
45203381
45208502
45213623
45234148
45239269
45244390
45008537
45013658
45018779
45039304
45044425
45049546
45054667
45075192
45080313
45085434
45105959
45111080
45116201
44880348
44885469
44890590
44911115
44916236
44921357
44926478
44947003
44952124
44957245
44977770
44982891
44988012
44752159
44757280
44762401
44782926
44788047
44793168
44798289
44818814
44823935
44829056
44849581
44854702
44859823
44623970
44629091
44634212
44654737
44659858
44664979
44670100
44690625
44695746
44700867
44721392
44726513
44731634
44495781
44500902
44506023
44526548
44531669
44536790
44541911
44562436
44567557
44572678
44593203
44598324
44603445
44367592
44372713
44377834
44398359
44403480
44408601
44413722
44434247
44439368
44444489
44465014
44470135
44475256
44239403
44244524
44249645
44270170
44275291
44280412
44285533
44306058
44311179
44316300
44336825
44341946
44347067
44111214
44116335
44121456
44141981
44147102
44152223
44157344
44177869
44182990
44188111
44208636
44213757
44218878
43983025
43988146
43993267
44013792
44018913
44024034
44029155
44049680
44054801
44059922
44080447
44085568
44090689
43854836
43859957
43865078
43885603
43890724
43895845
43900966
43921491
43926612
43931733
43952258
43957379
43962500
43726647
43731768
43736889
43757414
43762535
43767656
43772777
43793302
43798423
43803544
43824069
43829190
43834311
43598458
43603579
43608700
43629225
43634346
43639467
43644588
43665113
43670234
43675355
43695880
43701001
43706122
43470269
43475390
43480511
43501036
43506157
43511278
43516399
43536924
43542045
43547166
43567691
43572812
43577933
43342080
43347201
43352322
43372847
43377968
43383089
43388210
43408735
43413856
43418977
43439502
43444623
43449744
43213891
43219012
43224133
43244658
43249779
43254900
43260021
43280546
43285667
43290788
43311313
43316434
43321555
43085702
43090823
43095944
43116469
43121590
43126711
43131832
43152357
43157478
43162599
43183124
43188245
43193366
42957513
42962634
42967755
42988280
42993401
42998522
43003643
43024168
43029289
43034410
43054935
43060056
43065177
42829324
42834445
42839566
42860091
42865212
42870333
42875454
42895979
42901100
42906221
42926746
42931867
42936988
42701135
42706256
42711377
42731902
42737023
42742144
42747265
42767790
42772911
42778032
42798557
42803678
42808799
42572946
42578067
42583188
42603713
42608834
42613955
42619076
42639601
42644722
42649843
42670368
42675489
42680610
42444757
42449878
42454999
42475524
42480645
42485766
42490887
42511412
42516533
42521654
42542179
42547300
42552421
42316568
42321689
42326810
42347335
42352456
42357577
42362698
42383223
42388344
42393465
42413990
42419111
42424232
42188379
42193500
42198621
42219146
42224267
42229388
42234509
42255034
42260155
42265276
42285801
42290922
42296043
42060190
42065311
42070432
42090957
42096078
42101199
42106320
42126845
42131966
42137087
42157612
42162733
42167854
41932001
41937122
41942243
41962768
41967889
41973010
41978131
41998656
42003777
42008898
42029423
42034544
42039665
41803812
41808933
41814054
41834579
41839700
41844821
41849942
41870467
41875588
41880709
41901234
41906355
41911476
41675623
41680744
41685865
41706390
41711511
41716632
41721753
41742278
41747399
41752520
41773045
41778166
41783287
41547434
41552555
41557676
41578201
41583322
41588443
41593564
41614089
41619210
41624331
41644856
41649977
41655098
41419245
41424366
41429487
41450012
41455133
41460254
41465375
41485900
41491021
41496142
41516667
41521788
41526909
41291056
41296177
41301298
41321823
41326944
41332065
41337186
41357711
41362832
41367953
41388478
41393599
41398720
41162867
41167988
41173109
41193634
41198755
41203876
41208997
41229522
41234643
41239764
41260289
41265410
41270531
41034678
41039799
41044920
41065445
41070566
41075687
41080808
41101333
41106454
41111575
41132100
41137221
41142342
40906489
40911610
40916731
40937256
40942377
40947498
40952619
40973144
40978265
40983386
41003911
41009032
41014153
40778300
40783421
40788542
40809067
40814188
40819309
40824430
40844955
40850076
40855197
40875722
40880843
40885964
40650111
40655232
40660353
40680878
40685999
40691120
40696241
40716766
40721887
40727008
40747533
40752654
40757775
40521922
40527043
40532164
40552689
40557810
40562931
40568052
40588577
40593698
40598819
40619344
40624465
40629586
40393733
40398854
40403975
40424500
40429621
40434742
40439863
40460388
40465509
40470630
40491155
40496276
40501397
40265544
40270665
40275786
40296311
40301432
40306553
40311674
40332199
40337320
40342441
40362966
40368087
40373208
40137355
40142476
40147597
40168122
40173243
40178364
40183485
40204010
40209131
40214252
40234777
40239898
40245019
40009166
40014287
40019408
40039933
40045054
40050175
40055296
40075821
40080942
40086063
40106588
40111709
40116830
39880977
39886098
39891219
39911744
39916865
39921986
39927107
39947632
39952753
39957874
39978399
39983520
39988641
39752788
39757909
39763030
39783555
39788676
39793797
39798918
39819443
39824564
39829685
39850210
39855331
39860452
39624599
39629720
39634841
39655366
39660487
39665608
39670729
39691254
39696375
39701496
39722021
39727142
39732263
39496410
39501531
39506652
39527177
39532298
39537419
39542540
39563065
39568186
39573307
39593832
39598953
39604074
39368221
39373342
39378463
39398988
39404109
39409230
39414351
39434876
39439997
39445118
39465643
39470764
39475885
39240032
39245153
39250274
39270799
39275920
39281041
39286162
39306687
39311808
39316929
39337454
39342575
39347696
39111843
39116964
39122085
39142610
39147731
39152852
39157973
39178498
39183619
39188740
39209265
39214386
39219507
38983654
38988775
38993896
39014421
39019542
39024663
39029784
39050309
39055430
39060551
39081076
39086197
39091318
38855465
38860586
38865707
38886232
38891353
38896474
38901595
38922120
38927241
38932362
38952887
38958008
38963129
38727276
38732397
38737518
38758043
38763164
38768285
38773406
38793931
38799052
38804173
38824698
38829819
38834940
38599087
38604208
38609329
38629854
38634975
38640096
38645217
38665742
38670863
38675984
38696509
38701630
38706751
38470898
38476019
38481140
38501665
38506786
38511907
38517028
38537553
38542674
38547795
38568320
38573441
38578562
38342709
38347830
38352951
38373476
38378597
38383718
38388839
38409364
38414485
38419606
38440131
38445252
38450373
38214520
38219641
38224762
38245287
38250408
38255529
38260650
38281175
38286296
38291417
38311942
38317063
38322184
38086331
38091452
38096573
38117098
38122219
38127340
38132461
38152986
38158107
38163228
38183753
38188874
38193995
37958142
37963263
37968384
37988909
37994030
37999151
38004272
38024797
38029918
38035039
38055564
38060685
38065806
37829953
37835074
37840195
37860720
37865841
37870962
37876083
37896608
37901729
37906850
37927375
37932496
37937617
37701764
37706885
37712006
37732531
37737652
37742773
37747894
37768419
37773540
37778661
37799186
37804307
37809428
37573575
37578696
37583817
37604342
37609463
37614584
37619705
37640230
37645351
37650472
37670997
37676118
37681239
37445386
37450507
37455628
37476153
37481274
37486395
37491516
37512041
37517162
37522283
37542808
37547929
37553050
37317197
37322318
37327439
37347964
37353085
37358206
37363327
37383852
37388973
37394094
37414619
37419740
37424861
37189008
37194129
37199250
37219775
37224896
37230017
37235138
37255663
37260784
37265905
37286430
37291551
37296672
37060819
37065940
37071061
37091586
37096707
37101828
37106949
37127474
37132595
37137716
37158241
37163362
37168483
36932630
36937751
36942872
36963397
36968518
36973639
36978760
36999285
37004406
37009527
37030052
37035173
37040294
36804441
36809562
36814683
36835208
36840329
36845450
36850571
36871096
36876217
36881338
36901863
36906984
36912105
36676252
36681373
36686494
36707019
36712140
36717261
36722382
36742907
36748028
36753149
36773674
36778795
36783916
36548063
36553184
36558305
36578830
36583951
36589072
36594193
36614718
36619839
36624960
36645485
36650606
36655727
36419874
36424995
36430116
36450641
36455762
36460883
36466004
36486529
36491650
36496771
36517296
36522417
36527538
36291685
36296806
36301927
36322452
36327573
36332694
36337815
36358340
36363461
36368582
36389107
36394228
36399349
36163496
36168617
36173738
36194263
36199384
36204505
36209626
36230151
36235272
36240393
36260918
36266039
36271160
36035307
36040428
36045549
36066074
36071195
36076316
36081437
36101962
36107083
36112204
36132729
36137850
36142971
35907118
35912239
35917360
35937885
35943006
35948127
35953248
35973773
35978894
35984015
36004540
36009661
36014782
35778929
35784050
35789171
35809696
35814817
35819938
35825059
35845584
35850705
35855826
35876351
35881472
35886593
35650740
35655861
35660982
35681507
35686628
35691749
35696870
35717395
35722516
35727637
35748162
35753283
35758404
35522551
35527672
35532793
35553318
35558439
35563560
35568681
35589206
35594327
35599448
35619973
35625094
35630215
35394362
35399483
35404604
35425129
35430250
35435371
35440492
35461017
35466138
35471259
35491784
35496905
35502026
35266173
35271294
35276415
35296940
35302061
35307182
35312303
35332828
35337949
35343070
35363595
35368716
35373837
35137984
35143105
35148226
35168751
35173872
35178993
35184114
35204639
35209760
35214881
35235406
35240527
35245648
35009795
35014916
35020037
35040562
35045683
35050804
35055925
35076450
35081571
35086692
35107217
35112338
35117459
34881606
34886727
34891848
34912373
34917494
34922615
34927736
34948261
34953382
34958503
34979028
34984149
34989270
34753417
34758538
34763659
34784184
34789305
34794426
34799547
34820072
34825193
34830314
34850839
34855960
34861081
34625228
34630349
34635470
34655995
34661116
34666237
34671358
34691883
34697004
34702125
34722650
34727771
34732892
34497039
34502160
34507281
34527806
34532927
34538048
34543169
34563694
34568815
34573936
34594461
34599582
34604703
34368850
34373971
34379092
34399617
34404738
34409859
34414980
34435505
34440626
34445747
34466272
34471393
34476514
34240661
34245782
34250903
34271428
34276549
34281670
34286791
34307316
34312437
34317558
34338083
34343204
34348325
34112472
34117593
34122714
34143239
34148360
34153481
34158602
34179127
34184248
34189369
34209894
34215015
34220136
33984283
33989404
33994525
34015050
34020171
34025292
34030413
34050938
34056059
34061180
34081705
34086826
34091947
33856094
33861215
33866336
33886861
33891982
33897103
33902224
33922749
33927870
33932991
33953516
33958637
33963758
33727905
33733026
33738147
33758672
33763793
33768914
33774035
33794560
33799681
33804802
33825327
33830448
33835569
33599716
33604837
33609958
33630483
33635604
33640725
33645846
33666371
33671492
33676613
33697138
33702259
33707380
33471527
33476648
33481769
33502294
33507415
33512536
33517657
33538182
33543303
33548424
33568949
33574070
33579191
33343338
33348459
33353580
33374105
33379226
33384347
33389468
33409993
33415114
33420235
33440760
33445881
33451002
33215149
33220270
33225391
33245916
33251037
33256158
33261279
33281804
33286925
33292046
33312571
33317692
33322813
33086960
33092081
33097202
33117727
33122848
33127969
33133090
33153615
33158736
33163857
33184382
33189503
33194624
32958771
32963892
32969013
32989538
32994659
32999780
33004901
33025426
33030547
33035668
33056193
33061314
33066435
32830582
32835703
32840824
32861349
32866470
32871591
32876712
32897237
32902358
32907479
32928004
32933125
32938246
32702393
32707514
32712635
32733160
32738281
32743402
32748523
32769048
32774169
32779290
32799815
32804936
32810057
32574204
32579325
32584446
32604971
32610092
32615213
32620334
32640859
32645980
32651101
32671626
32676747
32681868
32446015
32451136
32456257
32476782
32481903
32487024
32492145
32512670
32517791
32522912
32543437
32548558
32553679
32317826
32322947
32328068
32348593
32353714
32358835
32363956
32384481
32389602
32394723
32415248
32420369
32425490
32189637
32194758
32199879
32220404
32225525
32230646
32235767
32256292
32261413
32266534
32287059
32292180
32297301
32061448
32066569
32071690
32092215
32097336
32102457
32107578
32128103
32133224
32138345
32158870
32163991
32169112
31933259
31938380
31943501
31964026
31969147
31974268
31979389
31999914
32005035
32010156
32030681
32035802
32040923
31805070
31810191
31815312
31835837
31840958
31846079
31851200
31871725
31876846
31881967
31902492
31907613
31912734
31676881
31682002
31687123
31707648
31712769
31717890
31723011
31743536
31748657
31753778
31774303
31779424
31784545
31548692
31553813
31558934
31579459
31584580
31589701
31594822
31615347
31620468
31625589
31646114
31651235
31656356
31420503
31425624
31430745
31451270
31456391
31461512
31466633
31487158
31492279
31497400
31517925
31523046
31528167
31292314
31297435
31302556
31323081
31328202
31333323
31338444
31358969
31364090
31369211
31389736
31394857
31399978
31164125
31169246
31174367
31194892
31200013
31205134
31210255
31230780
31235901
31241022
31261547
31266668
31271789
31035936
31041057
31046178
31066703
31071824
31076945
31082066
31102591
31107712
31112833
31133358
31138479
31143600
30907747
30912868
30917989
30938514
30943635
30948756
30953877
30974402
30979523
30984644
31005169
31010290
31015411
30779558
30784679
30789800
30810325
30815446
30820567
30825688
30846213
30851334
30856455
30876980
30882101
30887222
30651369
30656490
30661611
30682136
30687257
30692378
30697499
30718024
30723145
30728266
30748791
30753912
30759033
30523180
30528301
30533422
30553947
30559068
30564189
30569310
30589835
30594956
30600077
30620602
30625723
30630844
30394991
30400112
30405233
30425758
30430879
30436000
30441121
30461646
30466767
30471888
30492413
30497534
30502655
30266802
30271923
30277044
30297569
30302690
30307811
30312932
30333457
30338578
30343699
30364224
30369345
30374466
30138613
30143734
30148855
30169380
30174501
30179622
30184743
30205268
30210389
30215510
30236035
30241156
30246277
30010424
30015545
30020666
30041191
30046312
30051433
30056554
30077079
30082200
30087321
30107846
30112967
30118088
29882235
29887356
29892477
29913002
29918123
29923244
29928365
29948890
29954011
29959132
29979657
29984778
29989899
29754046
29759167
29764288
29784813
29789934
29795055
29800176
29820701
29825822
29830943
29851468
29856589
29861710
29625857
29630978
29636099
29656624
29661745
29666866
29671987
29692512
29697633
29702754
29723279
29728400
29733521
29497668
29502789
29507910
29528435
29533556
29538677
29543798
29564323
29569444
29574565
29595090
29600211
29605332
29369479
29374600
29379721
29400246
29405367
29410488
29415609
29436134
29441255
29446376
29466901
29472022
29477143
29241290
29246411
29251532
29272057
29277178
29282299
29287420
29307945
29313066
29318187
29338712
29343833
29348954
29113101
29118222
29123343
29143868
29148989
29154110
29159231
29179756
29184877
29189998
29210523
29215644
29220765
28984912
28990033
28995154
29015679
29020800
29025921
29031042
29051567
29056688
29061809
29082334
29087455
29092576
28856723
28861844
28866965
28887490
28892611
28897732
28902853
28923378
28928499
28933620
28954145
28959266
28964387
28728534
28733655
28738776
28759301
28764422
28769543
28774664
28795189
28800310
28805431
28825956
28831077
28836198
28600345
28605466
28610587
28631112
28636233
28641354
28646475
28667000
28672121
28677242
28697767
28702888
28708009
28472156
28477277
28482398
28502923
28508044
28513165
28518286
28538811
28543932
28549053
28569578
28574699
28579820
28343967
28349088
28354209
28374734
28379855
28384976
28390097
28410622
28415743
28420864
28441389
28446510
28451631
28215778
28220899
28226020
28246545
28251666
28256787
28261908
28282433
28287554
28292675
28313200
28318321
28323442
28087589
28092710
28097831
28118356
28123477
28128598
28133719
28154244
28159365
28164486
28185011
28190132
28195253
27959400
27964521
27969642
27990167
27995288
28000409
28005530
28026055
28031176
28036297
28056822
28061943
28067064
27831211
27836332
27841453
27861978
27867099
27872220
27877341
27897866
27902987
27908108
27928633
27933754
27938875
27703022
27708143
27713264
27733789
27738910
27744031
27749152
27769677
27774798
27779919
27800444
27805565
27810686
27574833
27579954
27585075
27605600
27610721
27615842
27620963
27641488
27646609
27651730
27672255
27677376
27682497
27446644
27451765
27456886
27477411
27482532
27487653
27492774
27513299
27518420
27523541
27544066
27549187
27554308
27318455
27323576
27328697
27349222
27354343
27359464
27364585
27385110
27390231
27395352
27415877
27420998
27426119
27190266
27195387
27200508
27221033
27226154
27231275
27236396
27256921
27262042
27267163
27287688
27292809
27297930
27062077
27067198
27072319
27092844
27097965
27103086
27108207
27128732
27133853
27138974
27159499
27164620
27169741
26933888
26939009
26944130
26964655
26969776
26974897
26980018
27000543
27005664
27010785
27031310
27036431
27041552
26805699
26810820
26815941
26836466
26841587
26846708
26851829
26872354
26877475
26882596
26903121
26908242
26913363
26677510
26682631
26687752
26708277
26713398
26718519
26723640
26744165
26749286
26754407
26774932
26780053
26785174
26549321
26554442
26559563
26580088
26585209
26590330
26595451
26615976
26621097
26626218
26646743
26651864
26656985
26421132
26426253
26431374
26451899
26457020
26462141
26467262
26487787
26492908
26498029
26518554
26523675
26528796
26292943
26298064
26303185
26323710
26328831
26333952
26339073
26359598
26364719
26369840
26390365
26395486
26400607
26164754
26169875
26174996
26195521
26200642
26205763
26210884
26231409
26236530
26241651
26262176
26267297
26272418
26036565
26041686
26046807
26067332
26072453
26077574
26082695
26103220
26108341
26113462
26133987
26139108
26144229
25908376
25913497
25918618
25939143
25944264
25949385
25954506
25975031
25980152
25985273
26005798
26010919
26016040
25780187
25785308
25790429
25810954
25816075
25821196
25826317
25846842
25851963
25857084
25877609
25882730
25887851
25651998
25657119
25662240
25682765
25687886
25693007
25698128
25718653
25723774
25728895
25749420
25754541
25759662
25523809
25528930
25534051
25554576
25559697
25564818
25569939
25590464
25595585
25600706
25621231
25626352
25631473
25395620
25400741
25405862
25426387
25431508
25436629
25441750
25462275
25467396
25472517
25493042
25498163
25503284
25267431
25272552
25277673
25298198
25303319
25308440
25313561
25334086
25339207
25344328
25364853
25369974
25375095
25139242
25144363
25149484
25170009
25175130
25180251
25185372
25205897
25211018
25216139
25236664
25241785
25246906
25011053
25016174
25021295
25041820
25046941
25052062
25057183
25077708
25082829
25087950
25108475
25113596
25118717
24882864
24887985
24893106
24913631
24918752
24923873
24928994
24949519
24954640
24959761
24980286
24985407
24990528
24754675
24759796
24764917
24785442
24790563
24795684
24800805
24821330
24826451
24831572
24852097
24857218
24862339
24626486
24631607
24636728
24657253
24662374
24667495
24672616
24693141
24698262
24703383
24723908
24729029
24734150
24498297
24503418
24508539
24529064
24534185
24539306
24544427
24564952
24570073
24575194
24595719
24600840
24605961
24370108
24375229
24380350
24400875
24405996
24411117
24416238
24436763
24441884
24447005
24467530
24472651
24477772
24241919
24247040
24252161
24272686
24277807
24282928
24288049
24308574
24313695
24318816
24339341
24344462
24349583
24113730
24118851
24123972
24144497
24149618
24154739
24159860
24180385
24185506
24190627
24211152
24216273
24221394
23985541
23990662
23995783
24016308
24021429
24026550
24031671
24052196
24057317
24062438
24082963
24088084
24093205
23857352
23862473
23867594
23888119
23893240
23898361
23903482
23924007
23929128
23934249
23954774
23959895
23965016
23729163
23734284
23739405
23759930
23765051
23770172
23775293
23795818
23800939
23806060
23826585
23831706
23836827
23600974
23606095
23611216
23631741
23636862
23641983
23647104
23667629
23672750
23677871
23698396
23703517
23708638
23472785
23477906
23483027
23503552
23508673
23513794
23518915
23539440
23544561
23549682
23570207
23575328
23580449
23344596
23349717
23354838
23375363
23380484
23385605
23390726
23411251
23416372
23421493
23442018
23447139
23452260
23216407
23221528
23226649
23247174
23252295
23257416
23262537
23283062
23288183
23293304
23313829
23318950
23324071
23088218
23093339
23098460
23118985
23124106
23129227
23134348
23154873
23159994
23165115
23185640
23190761
23195882
22960029
22965150
22970271
22990796
22995917
23001038
23006159
23026684
23031805
23036926
23057451
23062572
23067693
22831840
22836961
22842082
22862607
22867728
22872849
22877970
22898495
22903616
22908737
22929262
22934383
22939504
22703651
22708772
22713893
22734418
22739539
22744660
22749781
22770306
22775427
22780548
22801073
22806194
22811315
22575462
22580583
22585704
22606229
22611350
22616471
22621592
22642117
22647238
22652359
22672884
22678005
22683126
22447273
22452394
22457515
22478040
22483161
22488282
22493403
22513928
22519049
22524170
22544695
22549816
22554937
22319084
22324205
22329326
22349851
22354972
22360093
22365214
22385739
22390860
22395981
22416506
22421627
22426748
22190895
22196016
22201137
22221662
22226783
22231904
22237025
22257550
22262671
22267792
22288317
22293438
22298559
22062706
22067827
22072948
22093473
22098594
22103715
22108836
22129361
22134482
22139603
22160128
22165249
22170370
21934517
21939638
21944759
21965284
21970405
21975526
21980647
22001172
22006293
22011414
22031939
22037060
22042181
21806328
21811449
21816570
21837095
21842216
21847337
21852458
21872983
21878104
21883225
21903750
21908871
21913992
21678139
21683260
21688381
21708906
21714027
21719148
21724269
21744794
21749915
21755036
21775561
21780682
21785803
21549950
21555071
21560192
21580717
21585838
21590959
21596080
21616605
21621726
21626847
21647372
21652493
21657614
21421761
21426882
21432003
21452528
21457649
21462770
21467891
21488416
21493537
21498658
21519183
21524304
21529425
21293572
21298693
21303814
21324339
21329460
21334581
21339702
21360227
21365348
21370469
21390994
21396115
21401236
21165383
21170504
21175625
21196150
21201271
21206392
21211513
21232038
21237159
21242280
21262805
21267926
21273047
21037194
21042315
21047436
21067961
21073082
21078203
21083324
21103849
21108970
21114091
21134616
21139737
21144858
20909005
20914126
20919247
20939772
20944893
20950014
20955135
20975660
20980781
20985902
21006427
21011548
21016669
20780816
20785937
20791058
20811583
20816704
20821825
20826946
20847471
20852592
20857713
20878238
20883359
20888480
20652627
20657748
20662869
20683394
20688515
20693636
20698757
20719282
20724403
20729524
20750049
20755170
20760291
20524438
20529559
20534680
20555205
20560326
20565447
20570568
20591093
20596214
20601335
20621860
20626981
20632102
20396249
20401370
20406491
20427016
20432137
20437258
20442379
20462904
20468025
20473146
20493671
20498792
20503913
20268060
20273181
20278302
20298827
20303948
20309069
20314190
20334715
20339836
20344957
20365482
20370603
20375724
20139871
20144992
20150113
20170638
20175759
20180880
20186001
20206526
20211647
20216768
20237293
20242414
20247535
20011682
20016803
20021924
20042449
20047570
20052691
20057812
20078337
20083458
20088579
20109104
20114225
20119346
19883493
19888614
19893735
19914260
19919381
19924502
19929623
19950148
19955269
19960390
19980915
19986036
19991157
19755304
19760425
19765546
19786071
19791192
19796313
19801434
19821959
19827080
19832201
19852726
19857847
19862968
19627115
19632236
19637357
19657882
19663003
19668124
19673245
19693770
19698891
19704012
19724537
19729658
19734779
19498926
19504047
19509168
19529693
19534814
19539935
19545056
19565581
19570702
19575823
19596348
19601469
19606590
19370737
19375858
19380979
19401504
19406625
19411746
19416867
19437392
19442513
19447634
19468159
19473280
19478401
19242548
19247669
19252790
19273315
19278436
19283557
19288678
19309203
19314324
19319445
19339970
19345091
19350212
19114359
19119480
19124601
19145126
19150247
19155368
19160489
19181014
19186135
19191256
19211781
19216902
19222023
18986170
18991291
18996412
19016937
19022058
19027179
19032300
19052825
19057946
19063067
19083592
19088713
19093834
18857981
18863102
18868223
18888748
18893869
18898990
18904111
18924636
18929757
18934878
18955403
18960524
18965645
18729792
18734913
18740034
18760559
18765680
18770801
18775922
18796447
18801568
18806689
18827214
18832335
18837456
18601603
18606724
18611845
18632370
18637491
18642612
18647733
18668258
18673379
18678500
18699025
18704146
18709267
18473414
18478535
18483656
18504181
18509302
18514423
18519544
18540069
18545190
18550311
18570836
18575957
18581078
18345225
18350346
18355467
18375992
18381113
18386234
18391355
18411880
18417001
18422122
18442647
18447768
18452889
18217036
18222157
18227278
18247803
18252924
18258045
18263166
18283691
18288812
18293933
18314458
18319579
18324700
18088847
18093968
18099089
18119614
18124735
18129856
18134977
18155502
18160623
18165744
18186269
18191390
18196511
17960658
17965779
17970900
17991425
17996546
18001667
18006788
18027313
18032434
18037555
18058080
18063201
18068322
17832469
17837590
17842711
17863236
17868357
17873478
17878599
17899124
17904245
17909366
17929891
17935012
17940133
17704280
17709401
17714522
17735047
17740168
17745289
17750410
17770935
17776056
17781177
17801702
17806823
17811944
17576091
17581212
17586333
17606858
17611979
17617100
17622221
17642746
17647867
17652988
17673513
17678634
17683755
17447902
17453023
17458144
17478669
17483790
17488911
17494032
17514557
17519678
17524799
17545324
17550445
17555566
17319713
17324834
17329955
17350480
17355601
17360722
17365843
17386368
17391489
17396610
17417135
17422256
17427377
17191524
17196645
17201766
17222291
17227412
17232533
17237654
17258179
17263300
17268421
17288946
17294067
17299188
17063335
17068456
17073577
17094102
17099223
17104344
17109465
17129990
17135111
17140232
17160757
17165878
17170999
16935146
16940267
16945388
16965913
16971034
16976155
16981276
17001801
17006922
17012043
17032568
17037689
17042810
16806957
16812078
16817199
16837724
16842845
16847966
16853087
16873612
16878733
16883854
16904379
16909500
16914621
16678768
16683889
16689010
16709535
16714656
16719777
16724898
16745423
16750544
16755665
16776190
16781311
16786432
16550579
16555700
16560821
16581346
16586467
16591588
16596709
16617234
16622355
16627476
16648001
16653122
16658243
16422390
16427511
16432632
16453157
16458278
16463399
16468520
16489045
16494166
16499287
16519812
16524933
16530054
16294201
16299322
16304443
16324968
16330089
16335210
16340331
16360856
16365977
16371098
16391623
16396744
16401865
16166012
16171133
16176254
16196779
16201900
16207021
16212142
16232667
16237788
16242909
16263434
16268555
16273676
16037823
16042944
16048065
16068590
16073711
16078832
16083953
16104478
16109599
16114720
16135245
16140366
16145487
15909634
15914755
15919876
15940401
15945522
15950643
15955764
15976289
15981410
15986531
16007056
16012177
16017298
15781445
15786566
15791687
15812212
15817333
15822454
15827575
15848100
15853221
15858342
15878867
15883988
15889109
15653256
15658377
15663498
15684023
15689144
15694265
15699386
15719911
15725032
15730153
15750678
15755799
15760920
15525067
15530188
15535309
15555834
15560955
15566076
15571197
15591722
15596843
15601964
15622489
15627610
15632731
15396878
15401999
15407120
15427645
15432766
15437887
15443008
15463533
15468654
15473775
15494300
15499421
15504542
15268689
15273810
15278931
15299456
15304577
15309698
15314819
15335344
15340465
15345586
15366111
15371232
15376353
15140500
15145621
15150742
15171267
15176388
15181509
15186630
15207155
15212276
15217397
15237922
15243043
15248164
15012311
15017432
15022553
15043078
15048199
15053320
15058441
15078966
15084087
15089208
15109733
15114854
15119975
14884122
14889243
14894364
14914889
14920010
14925131
14930252
14950777
14955898
14961019
14981544
14986665
14991786
14755933
14761054
14766175
14786700
14791821
14796942
14802063
14822588
14827709
14832830
14853355
14858476
14863597
14627744
14632865
14637986
14658511
14663632
14668753
14673874
14694399
14699520
14704641
14725166
14730287
14735408
14499555
14504676
14509797
14530322
14535443
14540564
14545685
14566210
14571331
14576452
14596977
14602098
14607219
14371366
14376487
14381608
14402133
14407254
14412375
14417496
14438021
14443142
14448263
14468788
14473909
14479030
14243177
14248298
14253419
14273944
14279065
14284186
14289307
14309832
14314953
14320074
14340599
14345720
14350841
14114988
14120109
14125230
14145755
14150876
14155997
14161118
14181643
14186764
14191885
14212410
14217531
14222652
13986799
13991920
13997041
14017566
14022687
14027808
14032929
14053454
14058575
14063696
14084221
14089342
14094463
13858610
13863731
13868852
13889377
13894498
13899619
13904740
13925265
13930386
13935507
13956032
13961153
13966274
13730421
13735542
13740663
13761188
13766309
13771430
13776551
13797076
13802197
13807318
13827843
13832964
13838085
13602232
13607353
13612474
13632999
13638120
13643241
13648362
13668887
13674008
13679129
13699654
13704775
13709896
13474043
13479164
13484285
13504810
13509931
13515052
13520173
13540698
13545819
13550940
13571465
13576586
13581707
13345854
13350975
13356096
13376621
13381742
13386863
13391984
13412509
13417630
13422751
13443276
13448397
13453518
13217665
13222786
13227907
13248432
13253553
13258674
13263795
13284320
13289441
13294562
13315087
13320208
13325329
13089476
13094597
13099718
13120243
13125364
13130485
13135606
13156131
13161252
13166373
13186898
13192019
13197140
12961287
12966408
12971529
12992054
12997175
13002296
13007417
13027942
13033063
13038184
13058709
13063830
13068951
12833098
12838219
12843340
12863865
12868986
12874107
12879228
12899753
12904874
12909995
12930520
12935641
12940762
12704909
12710030
12715151
12735676
12740797
12745918
12751039
12771564
12776685
12781806
12802331
12807452
12812573
12576720
12581841
12586962
12607487
12612608
12617729
12622850
12643375
12648496
12653617
12674142
12679263
12684384
12448531
12453652
12458773
12479298
12484419
12489540
12494661
12515186
12520307
12525428
12545953
12551074
12556195
12320342
12325463
12330584
12351109
12356230
12361351
12366472
12386997
12392118
12397239
12417764
12422885
12428006
12192153
12197274
12202395
12222920
12228041
12233162
12238283
12258808
12263929
12269050
12289575
12294696
12299817
12063964
12069085
12074206
12094731
12099852
12104973
12110094
12130619
12135740
12140861
12161386
12166507
12171628
11935775
11940896
11946017
11966542
11971663
11976784
11981905
12002430
12007551
12012672
12033197
12038318
12043439
11807586
11812707
11817828
11838353
11843474
11848595
11853716
11874241
11879362
11884483
11905008
11910129
11915250
11679397
11684518
11689639
11710164
11715285
11720406
11725527
11746052
11751173
11756294
11776819
11781940
11787061
11551208
11556329
11561450
11581975
11587096
11592217
11597338
11617863
11622984
11628105
11648630
11653751
11658872
11423019
11428140
11433261
11453786
11458907
11464028
11469149
11489674
11494795
11499916
11520441
11525562
11530683
11294830
11299951
11305072
11325597
11330718
11335839
11340960
11361485
11366606
11371727
11392252
11397373
11402494
11166641
11171762
11176883
11197408
11202529
11207650
11212771
11233296
11238417
11243538
11264063
11269184
11274305
11038452
11043573
11048694
11069219
11074340
11079461
11084582
11105107
11110228
11115349
11135874
11140995
11146116
10910263
10915384
10920505
10941030
10946151
10951272
10956393
10976918
10982039
10987160
11007685
11012806
11017927
10782074
10787195
10792316
10812841
10817962
10823083
10828204
10848729
10853850
10858971
10879496
10884617
10889738
10653885
10659006
10664127
10684652
10689773
10694894
10700015
10720540
10725661
10730782
10751307
10756428
10761549
10525696
10530817
10535938
10556463
10561584
10566705
10571826
10592351
10597472
10602593
10623118
10628239
10633360
10397507
10402628
10407749
10428274
10433395
10438516
10443637
10464162
10469283
10474404
10494929
10500050
10505171
10269318
10274439
10279560
10300085
10305206
10310327
10315448
10335973
10341094
10346215
10366740
10371861
10376982
10141129
10146250
10151371
10171896
10177017
10182138
10187259
10207784
10212905
10218026
10238551
10243672
10248793
10012940
10018061
10023182
10043707
10048828
10053949
10059070
10079595
10084716
10089837
10110362
10115483
10120604
9884751
9889872
9894993
9915518
9920639
9925760
9930881
9951406
9956527
9961648
9982173
9987294
9992415
9756562
9761683
9766804
9787329
9792450
9797571
9802692
9823217
9828338
9833459
9853984
9859105
9864226
9628373
9633494
9638615
9659140
9664261
9669382
9674503
9695028
9700149
9705270
9725795
9730916
9736037
9500184
9505305
9510426
9530951
9536072
9541193
9546314
9566839
9571960
9577081
9597606
9602727
9607848
9371995
9377116
9382237
9402762
9407883
9413004
9418125
9438650
9443771
9448892
9469417
9474538
9479659
9243806
9248927
9254048
9274573
9279694
9284815
9289936
9310461
9315582
9320703
9341228
9346349
9351470
9115617
9120738
9125859
9146384
9151505
9156626
9161747
9182272
9187393
9192514
9213039
9218160
9223281
8987428
8992549
8997670
9018195
9023316
9028437
9033558
9054083
9059204
9064325
9084850
9089971
9095092
8859239
8864360
8869481
8890006
8895127
8900248
8905369
8925894
8931015
8936136
8956661
8961782
8966903
8731050
8736171
8741292
8761817
8766938
8772059
8777180
8797705
8802826
8807947
8828472
8833593
8838714
8602861
8607982
8613103
8633628
8638749
8643870
8648991
8669516
8674637
8679758
8700283
8705404
8710525
8474672
8479793
8484914
8505439
8510560
8515681
8520802
8541327
8546448
8551569
8572094
8577215
8582336
8346483
8351604
8356725
8377250
8382371
8387492
8392613
8413138
8418259
8423380
8443905
8449026
8454147
8218294
8223415
8228536
8249061
8254182
8259303
8264424
8284949
8290070
8295191
8315716
8320837
8325958
8090105
8095226
8100347
8120872
8125993
8131114
8136235
8156760
8161881
8167002
8187527
8192648
8197769
7961916
7967037
7972158
7992683
7997804
8002925
8008046
8028571
8033692
8038813
8059338
8064459
8069580
7833727
7838848
7843969
7864494
7869615
7874736
7879857
7900382
7905503
7910624
7931149
7936270
7941391
7705538
7710659
7715780
7736305
7741426
7746547
7751668
7772193
7777314
7782435
7802960
7808081
7813202
7577349
7582470
7587591
7608116
7613237
7618358
7623479
7644004
7649125
7654246
7674771
7679892
7685013
7449160
7454281
7459402
7479927
7485048
7490169
7495290
7515815
7520936
7526057
7546582
7551703
7556824
7320971
7326092
7331213
7351738
7356859
7361980
7367101
7387626
7392747
7397868
7418393
7423514
7428635
7192782
7197903
7203024
7223549
7228670
7233791
7238912
7259437
7264558
7269679
7290204
7295325
7300446
7064593
7069714
7074835
7095360
7100481
7105602
7110723
7131248
7136369
7141490
7162015
7167136
7172257
6936404
6941525
6946646
6967171
6972292
6977413
6982534
7003059
7008180
7013301
7033826
7038947
7044068
6808215
6813336
6818457
6838982
6844103
6849224
6854345
6874870
6879991
6885112
6905637
6910758
6915879
6680026
6685147
6690268
6710793
6715914
6721035
6726156
6746681
6751802
6756923
6777448
6782569
6787690
6551837
6556958
6562079
6582604
6587725
6592846
6597967
6618492
6623613
6628734
6649259
6654380
6659501
6423648
6428769
6433890
6454415
6459536
6464657
6469778
6490303
6495424
6500545
6521070
6526191
6531312
6295459
6300580
6305701
6326226
6331347
6336468
6341589
6362114
6367235
6372356
6392881
6398002
6403123
6167270
6172391
6177512
6198037
6203158
6208279
6213400
6233925
6239046
6244167
6264692
6269813
6274934
6039081
6044202
6049323
6069848
6074969
6080090
6085211
6105736
6110857
6115978
6136503
6141624
6146745
5910892
5916013
5921134
5941659
5946780
5951901
5957022
5977547
5982668
5987789
6008314
6013435
6018556
5782703
5787824
5792945
5813470
5818591
5823712
5828833
5849358
5854479
5859600
5880125
5885246
5890367
5654514
5659635
5664756
5685281
5690402
5695523
5700644
5721169
5726290
5731411
5751936
5757057
5762178
5526325
5531446
5536567
5557092
5562213
5567334
5572455
5592980
5598101
5603222
5623747
5628868
5633989
5398136
5403257
5408378
5428903
5434024
5439145
5444266
5464791
5469912
5475033
5495558
5500679
5505800
5269947
5275068
5280189
5300714
5305835
5310956
5316077
5336602
5341723
5346844
5367369
5372490
5377611
5141758
5146879
5152000
5172525
5177646
5182767
5187888
5208413
5213534
5218655
5239180
5244301
5249422
5013569
5018690
5023811
5044336
5049457
5054578
5059699
5080224
5085345
5090466
5110991
5116112
5121233
4885380
4890501
4895622
4916147
4921268
4926389
4931510
4952035
4957156
4962277
4982802
4987923
4993044
4757191
4762312
4767433
4787958
4793079
4798200
4803321
4823846
4828967
4834088
4854613
4859734
4864855
4629002
4634123
4639244
4659769
4664890
4670011
4675132
4695657
4700778
4705899
4726424
4731545
4736666
4500813
4505934
4511055
4531580
4536701
4541822
4546943
4567468
4572589
4577710
4598235
4603356
4608477
4372624
4377745
4382866
4403391
4408512
4413633
4418754
4439279
4444400
4449521
4470046
4475167
4480288
4244435
4249556
4254677
4275202
4280323
4285444
4290565
4311090
4316211
4321332
4341857
4346978
4352099
4116246
4121367
4126488
4147013
4152134
4157255
4162376
4182901
4188022
4193143
4213668
4218789
4223910
3988057
3993178
3998299
4018824
4023945
4029066
4034187
4054712
4059833
4064954
4085479
4090600
4095721
3859868
3864989
3870110
3890635
3895756
3900877
3905998
3926523
3931644
3936765
3957290
3962411
3967532
3731679
3736800
3741921
3762446
3767567
3772688
3777809
3798334
3803455
3808576
3829101
3834222
3839343
3603490
3608611
3613732
3634257
3639378
3644499
3649620
3670145
3675266
3680387
3700912
3706033
3711154
3475301
3480422
3485543
3506068
3511189
3516310
3521431
3541956
3547077
3552198
3572723
3577844
3582965
3347112
3352233
3357354
3377879
3383000
3388121
3393242
3413767
3418888
3424009
3444534
3449655
3454776
3218923
3224044
3229165
3249690
3254811
3259932
3265053
3285578
3290699
3295820
3316345
3321466
3326587
3090734
3095855
3100976
3121501
3126622
3131743
3136864
3157389
3162510
3167631
3188156
3193277
3198398
2962545
2967666
2972787
2993312
2998433
3003554
3008675
3029200
3034321
3039442
3059967
3065088
3070209
2834356
2839477
2844598
2865123
2870244
2875365
2880486
2901011
2906132
2911253
2931778
2936899
2942020
2706167
2711288
2716409
2736934
2742055
2747176
2752297
2772822
2777943
2783064
2803589
2808710
2813831
2577978
2583099
2588220
2608745
2613866
2618987
2624108
2644633
2649754
2654875
2675400
2680521
2685642
2449789
2454910
2460031
2480556
2485677
2490798
2495919
2516444
2521565
2526686
2547211
2552332
2557453
2321600
2326721
2331842
2352367
2357488
2362609
2367730
2388255
2393376
2398497
2419022
2424143
2429264
2193411
2198532
2203653
2224178
2229299
2234420
2239541
2260066
2265187
2270308
2290833
2295954
2301075
2065222
2070343
2075464
2095989
2101110
2106231
2111352
2131877
2136998
2142119
2162644
2167765
2172886
1937033
1942154
1947275
1967800
1972921
1978042
1983163
2003688
2008809
2013930
2034455
2039576
2044697
1808844
1813965
1819086
1839611
1844732
1849853
1854974
1875499
1880620
1885741
1906266
1911387
1916508
1680655
1685776
1690897
1711422
1716543
1721664
1726785
1747310
1752431
1757552
1778077
1783198
1788319
1552466
1557587
1562708
1583233
1588354
1593475
1598596
1619121
1624242
1629363
1649888
1655009
1660130
1424277
1429398
1434519
1455044
1460165
1465286
1470407
1490932
1496053
1501174
1521699
1526820
1531941
1296088
1301209
1306330
1326855
1331976
1337097
1342218
1362743
1367864
1372985
1393510
1398631
1403752
1167899
1173020
1178141
1198666
1203787
1208908
1214029
1234554
1239675
1244796
1265321
1270442
1275563
1039710
1044831
1049952
1070477
1075598
1080719
1085840
1106365
1111486
1116607
1137132
1142253
1147374
911521
916642
921763
942288
947409
952530
957651
978176
983297
988418
1008943
1014064
1019185
783332
788453
793574
814099
819220
824341
829462
849987
855108
860229
880754
885875
890996
655143
660264
665385
685910
691031
696152
701273
721798
726919
732040
752565
757686
762807
526954
532075
537196
557721
562842
567963
573084
593609
598730
603851
624376
629497
634618
398765
403886
409007
429532
434653
439774
444895
465420
470541
475662
496187
501308
506429
270576
275697
280818
301343
306464
311585
316706
337231
342352
347473
367998
373119
378240
142387
147508
152629
173154
178275
183396
188517
209042
214163
219284
239809
244930
250051
121862
116741
111620
91095
85974
80853
60328
55207
50086
44965
24440
19319
14198
